<?xml version="1.0"?>
<opencv_storage>
<calibration_time>"2019年07月29日 星期一 13时09分27秒"</calibration_time>
<nr_of_frames>26</nr_of_frames>
<image_width>1920</image_width>
<image_height>1080</image_height>
<board_width>9</board_width>
<board_height>6</board_height>
<square_size>7.7440002441406250e+01</square_size>
<!-- flags: +fix_k3 +fix_k4 +fix_k5 -->
<flags>6272</flags>
<fisheye_model>0</fisheye_model>
<camera_matrix type_id="opencv-matrix">
  <rows>3</rows>
  <cols>3</cols>
  <dt>d</dt>
  <data>
    1.2853517927598091e+03 0. 3.1944768628958542e+02 0.
    1.2792339468697937e+03 2.3929354061292258e+02 0. 0. 1.</data></camera_matrix>
<distortion_coefficients type_id="opencv-matrix">
  <rows>5</rows>
  <cols>1</cols>
  <dt>d</dt>
  <data>
    -6.3687295852461456e-01 -1.9748008790347320e+00
    3.0970703651800782e-02 2.1944646842516919e-03 0.</data></distortion_coefficients>
<avg_reprojection_error>2.7648134620933651e-01</avg_reprojection_error>
</opencv_storage>
